# ###################### Plot data for paper ######################## #
INFO] <module>:: red= "Coding", r= 2
INFO] <module>:: rank= 4, num_mpiprocs= 20
mapping_m: {'type': 'spreading'}
sching_m: {'r': 2, 'threshold': None, 'type': 'expand_if_totaldemand_leq'}
sinfo_m: {'ar': 2.7400000000000002,
 'k_rv': BZipf([1, 5], tail index= 1),
 'lifetime_rv': Pareto(loc= 10, a= 4),
 'njob': 100000,
 'nworker': 20,
 'reqed_rv': Uniform[1, 1],
 'straggle_m': {'slowdown': <function <lambda> at 0x7f36adbeee18>},
 'wcap': 10}

d_l= [
0,
10.0,
12.593969317272713,
15.860806316440653,
19.975050809645882,
25.156517700764358,
31.682041205285422,
39.900265484793444,
50.250271926652381,
63.285038282887051,
79.700983037710856,
100.37517349334034,
126.41218551910536,
159.2031185756999,
200.4999190556494,
252.50898287025086,
318.00903826036807,
400.49960704664795,
504.38797627252632,
635.22466971774736,
800.00000000000034]

>> ro= 0.5
sim_StdT_l: [0.06927220206984129,
0.066383984163648727,
0.054677440467456026,
0.051195104426943347,
0.060353655766260651,
0.050198304331823228,
0.048874884443081454,
0.061028724349391827,
0.041710371443432655,
0.041133775827590306,
0.040837268114482309,
0.030315885038746861,
0.044545820068631441,
0.033391723365472109,
0.028332550550612932,
0.034004456750220229,
0.04248290397635264,
0.029084688703680254,
0.021380115583299084,
0.026215484290762297,
0.042044609281664251]
sim_ET_l: [23.944456881887493,
23.924892602441275,
23.198682864860814,
22.691584392480358,
22.43986715618567,
21.484092438055228,
20.865332478622609,
19.942906210502354,
18.742643017954588,
17.581513774102316,
17.006839221519282,
16.76659262987102,
16.639109966817124,
16.586265906547204,
16.545301742454676,
16.527165380235559,
16.532973144177312,
16.516654681711554,
16.512261306150446,
16.513146732067277,
16.519155806661054]
sim_EPrqing_l: [0.00048922271544252455,
0.00050071588601073721,
0.0005262255998936254,
0.0005866836888859967,
0.00057370297692700526,
0.00072815908732050329,
0.00082311900079861094,
0.0022004891421913407,
0.012340560083907565,
0.053274285959814607,
0.090715361524983051,
0.11618894271622997,
0.12978178335581536,
0.13819353419386116,
0.13814368293429988,
0.13975876160274256,
0.14352686105844975,
0.14252322669215753,
0.14134164858738163,
0.14359997152274126,
0.14078954410870681]
sim_StdPrqing_l: [6.9770235910902946e-05,
5.6970891243661871e-05,
5.7525795893053037e-05,
7.9100242371592927e-05,
7.2810934364331596e-05,
0.00012070511465055014,
0.00013736766513887275,
0.00045252938643274281,
0.0011054275858465262,
0.003762515141766903,
0.0049187842816309493,
0.0060696659102802948,
0.0080097513827522542,
0.0066169273261042875,
0.0062222510802043664,
0.0065323261603438777,
0.0089353516053847556,
0.0070247725324461717,
0.0060076361761951689,
0.0064490843261096184,
0.0068067238544177499]

>> ro= 0.6
sim_StdT_l: [0.046742590489707365,
0.047290679328663716,
0.05825449358458816,
0.063626048821668377,
0.068764886891555341,
0.055094076294105031,
0.06188012976452037,
0.040082905578311068,
0.043025069492885003,
0.10670941000401758,
0.23863167379601213,
0.53319554712106643,
0.88313833573555423,
0.98532769106087725,
1.0272176643163009,
1.1032863039287444,
1.4435361139075793,
1.8752070218105232,
2.0805024264753644,
2.0009593912669446,
1.7699161273767812]
sim_ET_l: [23.931077243509911,
23.945970074296561,
23.195529686663441,
22.713596572569806,
22.417791645548856,
21.463525508648313,
20.884608690248747,
19.989085243463336,
18.956394465310314,
18.611599783577979,
19.172396592226285,
20.478952853905994,
21.744695151782302,
22.348133148867884,
23.2498557865332,
23.221473695649589,
23.180007050179913,
24.328278599940276,
24.106399344358429,
24.272833073439863,
23.290656458841653]
sim_EPrqing_l: [0.00067557176118992243,
0.00067106306061020854,
0.00082496463551534735,
0.0011448162635084799,
0.0014006692813555602,
0.004671158842517906,
0.012047231162421262,
0.043577879778044677,
0.14708356571879674,
0.40330994130311382,
0.56619325086139072,
0.67572072071858291,
0.72870134449380242,
0.74863543990437376,
0.77388693534722375,
0.77101612756381788,
0.77236114834387604,
0.78297203373769109,
0.78429270432249454,
0.79064003291657703,
0.77067404671217055]
sim_StdPrqing_l: [0.00012900711921206504,
0.00013161577014839411,
0.00011540656874423338,
0.00023445278648537838,
0.00050567074137718507,
0.00074704508015211531,
0.0019316559342436323,
0.0039718622776647016,
0.006749468525277867,
0.015379979171919377,
0.015246035120430731,
0.028391001843952789,
0.020593130199347956,
0.016699955896149789,
0.022076543742573795,
0.024841125385133445,
0.024473679092902791,
0.027985690170475013,
0.02232207414807626,
0.028648781206220376,
0.026623200159669208]

# #################################################################### #
